{
 "cells": [
  {
   "cell_type": "markdown",
   "metadata": {},
   "source": [
    "## ch.1:\n",
    "- Dataframes são classificados como dados retangulares, linhas são samples e colunas são atributos.\n",
    "- Investigrar os OUTLIERS, usar mediana e média aparada (top e bottom) pode ser uma alternativa a não permitir que os outliers impliquem em alteração nos valores calculados.\n",
    "- "
   ]
  },
  {
   "cell_type": "code",
   "execution_count": 17,
   "metadata": {},
   "outputs": [],
   "source": [
    "import pandas as pd"
   ]
  },
  {
   "cell_type": "code",
   "execution_count": 33,
   "metadata": {},
   "outputs": [
    {
     "data": {
      "text/html": [
       "<div>\n",
       "<style scoped>\n",
       "    .dataframe tbody tr th:only-of-type {\n",
       "        vertical-align: middle;\n",
       "    }\n",
       "\n",
       "    .dataframe tbody tr th {\n",
       "        vertical-align: top;\n",
       "    }\n",
       "\n",
       "    .dataframe thead th {\n",
       "        text-align: right;\n",
       "    }\n",
       "</style>\n",
       "<table border=\"1\" class=\"dataframe\">\n",
       "  <thead>\n",
       "    <tr style=\"text-align: right;\">\n",
       "      <th></th>\n",
       "      <th>area</th>\n",
       "      <th>rooms</th>\n",
       "      <th>bathroom</th>\n",
       "      <th>parking spaces</th>\n",
       "      <th>hoa (R$)</th>\n",
       "      <th>rent amount (R$)</th>\n",
       "      <th>property tax (R$)</th>\n",
       "      <th>fire insurance (R$)</th>\n",
       "      <th>total (R$)</th>\n",
       "    </tr>\n",
       "  </thead>\n",
       "  <tbody>\n",
       "    <tr>\n",
       "      <th>area</th>\n",
       "      <td>1.000000</td>\n",
       "      <td>0.193796</td>\n",
       "      <td>0.226766</td>\n",
       "      <td>0.193983</td>\n",
       "      <td>0.006890</td>\n",
       "      <td>0.180742</td>\n",
       "      <td>0.039059</td>\n",
       "      <td>0.188078</td>\n",
       "      <td>0.051799</td>\n",
       "    </tr>\n",
       "    <tr>\n",
       "      <th>rooms</th>\n",
       "      <td>0.193796</td>\n",
       "      <td>1.000000</td>\n",
       "      <td>0.733763</td>\n",
       "      <td>0.617510</td>\n",
       "      <td>0.007139</td>\n",
       "      <td>0.541758</td>\n",
       "      <td>0.075252</td>\n",
       "      <td>0.565148</td>\n",
       "      <td>0.134597</td>\n",
       "    </tr>\n",
       "    <tr>\n",
       "      <th>bathroom</th>\n",
       "      <td>0.226766</td>\n",
       "      <td>0.733763</td>\n",
       "      <td>1.000000</td>\n",
       "      <td>0.697379</td>\n",
       "      <td>0.050271</td>\n",
       "      <td>0.668504</td>\n",
       "      <td>0.109253</td>\n",
       "      <td>0.676399</td>\n",
       "      <td>0.208339</td>\n",
       "    </tr>\n",
       "    <tr>\n",
       "      <th>parking spaces</th>\n",
       "      <td>0.193983</td>\n",
       "      <td>0.617510</td>\n",
       "      <td>0.697379</td>\n",
       "      <td>1.000000</td>\n",
       "      <td>0.009321</td>\n",
       "      <td>0.578361</td>\n",
       "      <td>0.098378</td>\n",
       "      <td>0.597348</td>\n",
       "      <td>0.148684</td>\n",
       "    </tr>\n",
       "    <tr>\n",
       "      <th>hoa (R$)</th>\n",
       "      <td>0.006890</td>\n",
       "      <td>0.007139</td>\n",
       "      <td>0.050271</td>\n",
       "      <td>0.009321</td>\n",
       "      <td>1.000000</td>\n",
       "      <td>0.036490</td>\n",
       "      <td>0.007627</td>\n",
       "      <td>0.029535</td>\n",
       "      <td>0.955024</td>\n",
       "    </tr>\n",
       "    <tr>\n",
       "      <th>rent amount (R$)</th>\n",
       "      <td>0.180742</td>\n",
       "      <td>0.541758</td>\n",
       "      <td>0.668504</td>\n",
       "      <td>0.578361</td>\n",
       "      <td>0.036490</td>\n",
       "      <td>1.000000</td>\n",
       "      <td>0.107884</td>\n",
       "      <td>0.987343</td>\n",
       "      <td>0.264490</td>\n",
       "    </tr>\n",
       "    <tr>\n",
       "      <th>property tax (R$)</th>\n",
       "      <td>0.039059</td>\n",
       "      <td>0.075252</td>\n",
       "      <td>0.109253</td>\n",
       "      <td>0.098378</td>\n",
       "      <td>0.007627</td>\n",
       "      <td>0.107884</td>\n",
       "      <td>1.000000</td>\n",
       "      <td>0.105661</td>\n",
       "      <td>0.218344</td>\n",
       "    </tr>\n",
       "    <tr>\n",
       "      <th>fire insurance (R$)</th>\n",
       "      <td>0.188078</td>\n",
       "      <td>0.565148</td>\n",
       "      <td>0.676399</td>\n",
       "      <td>0.597348</td>\n",
       "      <td>0.029535</td>\n",
       "      <td>0.987343</td>\n",
       "      <td>0.105661</td>\n",
       "      <td>1.000000</td>\n",
       "      <td>0.254911</td>\n",
       "    </tr>\n",
       "    <tr>\n",
       "      <th>total (R$)</th>\n",
       "      <td>0.051799</td>\n",
       "      <td>0.134597</td>\n",
       "      <td>0.208339</td>\n",
       "      <td>0.148684</td>\n",
       "      <td>0.955024</td>\n",
       "      <td>0.264490</td>\n",
       "      <td>0.218344</td>\n",
       "      <td>0.254911</td>\n",
       "      <td>1.000000</td>\n",
       "    </tr>\n",
       "  </tbody>\n",
       "</table>\n",
       "</div>"
      ],
      "text/plain": [
       "                         area     rooms  bathroom  parking spaces  hoa (R$)  \\\n",
       "area                 1.000000  0.193796  0.226766        0.193983  0.006890   \n",
       "rooms                0.193796  1.000000  0.733763        0.617510  0.007139   \n",
       "bathroom             0.226766  0.733763  1.000000        0.697379  0.050271   \n",
       "parking spaces       0.193983  0.617510  0.697379        1.000000  0.009321   \n",
       "hoa (R$)             0.006890  0.007139  0.050271        0.009321  1.000000   \n",
       "rent amount (R$)     0.180742  0.541758  0.668504        0.578361  0.036490   \n",
       "property tax (R$)    0.039059  0.075252  0.109253        0.098378  0.007627   \n",
       "fire insurance (R$)  0.188078  0.565148  0.676399        0.597348  0.029535   \n",
       "total (R$)           0.051799  0.134597  0.208339        0.148684  0.955024   \n",
       "\n",
       "                     rent amount (R$)  property tax (R$)  fire insurance (R$)  \\\n",
       "area                         0.180742           0.039059             0.188078   \n",
       "rooms                        0.541758           0.075252             0.565148   \n",
       "bathroom                     0.668504           0.109253             0.676399   \n",
       "parking spaces               0.578361           0.098378             0.597348   \n",
       "hoa (R$)                     0.036490           0.007627             0.029535   \n",
       "rent amount (R$)             1.000000           0.107884             0.987343   \n",
       "property tax (R$)            0.107884           1.000000             0.105661   \n",
       "fire insurance (R$)          0.987343           0.105661             1.000000   \n",
       "total (R$)                   0.264490           0.218344             0.254911   \n",
       "\n",
       "                     total (R$)  \n",
       "area                   0.051799  \n",
       "rooms                  0.134597  \n",
       "bathroom               0.208339  \n",
       "parking spaces         0.148684  \n",
       "hoa (R$)               0.955024  \n",
       "rent amount (R$)       0.264490  \n",
       "property tax (R$)      0.218344  \n",
       "fire insurance (R$)    0.254911  \n",
       "total (R$)             1.000000  "
      ]
     },
     "execution_count": 33,
     "metadata": {},
     "output_type": "execute_result"
    }
   ],
   "source": [
    "houses = pd.read_csv('data/houses_to_rent_v2.csv')\n",
    "area = houses.area\n",
    "rent = houses['rent amount (R$)']\n",
    "\n",
    "houses.corr()"
   ]
  }
 ],
 "metadata": {
  "kernelspec": {
   "display_name": "Python 3",
   "language": "python",
   "name": "python3"
  },
  "language_info": {
   "codemirror_mode": {
    "name": "ipython",
    "version": 3
   },
   "file_extension": ".py",
   "mimetype": "text/x-python",
   "name": "python",
   "nbconvert_exporter": "python",
   "pygments_lexer": "ipython3",
   "version": "3.7.6"
  }
 },
 "nbformat": 4,
 "nbformat_minor": 4
}
